22
23
15
14
14
17
18
18
20
17
20
20
19
22
22
18
15
16
16
15
16
16
15
16
20
18
20
17
20
17
14
13
17
17
18
17
17
17
16
17
19
22
16
17
18
17
16
17
18
18
18
23
23
23
14
15
17
17
16
12
12
12
12
12
14
18
24
15
16
14
16
16
19
16
16
23
24
15
15
16
13
18
17
15
16
20
17
16
16
13
20
19
15
18
21
21
19
16
20
20
20
20
20
21
21
21
21
20
20
21
21
21
21
21
20
16
20
19
19
19
23
23
23
17
18
24
15
15
15
15
15
15
15
15
15
24
15
28
24
26
26
26
25
14
14
14
14
14
14
14
14
12
20
20
18
22
20
19
15
17
15
15
15
14
15
14
20
18
25
25
25
21
21
24
25
25
25
20
17
19
18
19
17
20
16
16
16
16
16
16
16
23
17
14
14
14
14
14
14
18
18
18
15
15
16
16
16
16
18
18
18
16
16
23
23
23
18
18
16
17
17
17
18
18
13
17
22
16
14
14
14
14
14
21
17
22
23
12
15
18
19
17
16
16
14
14
14
14
14
17
17
17
17
17
17
17
17
15
15
15
15
15
15
15
15
15
16
16
23
23
21
16
15
19
17
17
17
17
18
13
16
22
15
13
13
13
21
27
27
26
27
27
19
21
19
19
19
19
19
19
19
19
19
19
19
19
19
19
19
19
19
19
19
19
19
19
19
19
23
23
18
19
18
18
18
18
18
18
18
18
18
18
18
18
23
19
19
19
19
19
19
23
22
22
22
22
22
22
22
22
18
18
15
16
18
19
20
20
16
19
19
15
16
15
15
22
24
16
19
16
22
14
28
28
28
28
28
16
14
17
20
20
20
20
14
19
16
28
19
19
20
17
16
18
15
15
20
17
19
17
17
21
19
18
19
19
18
18
18
18
18
19
18
17
17
24
21
15
15
15
19
19
19
18
19
18
21
19
22
20
21
21
21
17
25
25
20
17
19
18
15
15
14
12
16
16
16
14
14
25
26
19
24
14
21
22
18
18
23
13
16
16
19
14
17
17
20
15
13
20
19
18
14
13
13
13
13
13
16
31
26
12
12
19
23
13
22
15
16
20
15
16
17
33
17
16
17
16
15
21
20
18
20
20
16
23
21
18
13
21
19
21
21
26
26
23
23
23
13
20
20
16
13
19
15
21
20
19
16
15
21
15
15
15
17
15
21
24
22
23
18
18
18
23
21
25
21
21
17
16
17
17
21
16
16
18
17
15
15
15
15
17
16
15
15
15
15
15
15
16
19
13
13
13
21
17
17
17
17
18
14
19
13
13
44
17
20
14
14
17
16
14
14
18
18
13
15
17
16
27
20
25
17
14
15
18
17
17
17
15
15
16
13
19
19
13
13
12
23
27
18
18
14
16
12
19
14
19
17
15
15
15
14
15
16
14
22
13
13
20
17
16
16
15
14
28
25
17
18
17
17
19
18
18
18
18
18
18
18
19
19
18
19
17
20
16
16
17
17
18
18
18
15
16
20
19
18
23
17
20
16
12
21
18
12
18
14
16
15
16
14
20
18
17
16
20
15
16
20
20
13
14
17
16
20
16
18
18
18
18
18
18
17
18
18
18
18
18
18
18
18
18
18
18
18
17
18
16
18
17
18
18
18
18
18
18
18
18
18
18
18
18
18
18
16
18
17
18
18
18
18
15
16
18
15
14
17
18
18
15
15
15
15
20
20
20
20
20
20
20
20
20
20
20
20
16
17
18
17
17
23
23
23
23
23
23
23
17
26
18
18
18
25
14
15
17
17
17
17
17
20
17
18
18
16
17
16
16
16
20
33
25
18
24
31
15
18
17
13
22
16
28
15
16
16
15
16
18
15
18
18
18
16
18
17
12
17
16
17
27
19
15
14
22
22
22
16
14
14
16
14
19
22
15
14
15
49
17
17
17
17
17
16
17
33
17
18
20
18
16
18
16
18
16
16
15
15
19
19
14
20
20
20
14
13
13
15
21
14
17
19
17
18
19
15
15
23
26
16
13
18
17
18
18
19
18
18
21
20
23
23
23
23
23
22
22
17
22
16
14
17
15
19
17
19
21
27
15
27
23
19
25
17
15
25
25
25
15
15
14
19
23
16
19
15
20
16
16
16
16
16
24
16
16
17
16
12
16
12
12
12
12
12
15
12
12
12
19
17
17
18
15
15
27
15
15
18
21
25
20
18
15
14
14
14
14
18
